image_width: 1280
image_height: 1024
camera_name: pg_13344889
camera_matrix:
  rows: 3
  cols: 3
  data: [688.459841, 0.000000, 638.248350, 0.000000, 688.794480, 499.847448, 0.000000, 0.000000, 1.000000]
distortion_model: plumb_bob
distortion_coefficients:
  rows: 1
  cols: 5
  data: [-0.283441, 0.061491, 0.001717, 0.000121, 0.000000]
rectification_matrix:
  rows: 3
  cols: 3
  data: [1.000000, 0.000000, 0.000000, 0.000000, 1.000000, 0.000000, 0.000000, 0.000000, 1.000000]
projection_matrix:
  rows: 3
  cols: 4
  data: [484.568176, 0.000000, 638.988364, 0.000000, 0.000000, 553.122437, 497.333782, 0.000000, 0.000000, 0.000000, 1.000000, 0.000000]
