# oST version 5.0 parameters 2/6/2017 GRASP 9 Kinect


[image]

width
640

height
480

[narrow_stereo]

camera matrix
534.131797 0.000000 315.927274
0.000000 534.923655 247.759603
0.000000 0.000000 1.000000

distortion
0.173648 -0.287160 -0.003707 0.003620 0.000000

rectification
1.000000 0.000000 0.000000
0.000000 1.000000 0.000000
0.000000 0.000000 1.000000

projection
547.386292 0.000000 317.392489 0.000000
0.000000 549.013733 245.911103 0.000000
0.000000 0.000000 1.000000 0.000000

